40060111
40061014
40061016
40061193
40060481
40060222
40060333
40059908
40061346
40059973
40060216
40060216
40060175
40060957
40060791
40061461
40060957
40061324
40061560
40060817
40061310
40060923
40061281
40061458
40060880
40060882
40061408
40061457
40060760
40060708
40060948
40060769
40060585
40059900
40061043
40060383
40060486
40061058
40061141
40060920
40061316
40061464
40061459
40060616
40060552
40061644
40061640
40060958
40061628
40060553
40061621
40061627
40050522
40061627
40061456
40061452
40061026
40061548
40061049
40060563
40060587
40061474
40060892
40060574
40060718
40061307
40061629
40061204
40060501
40061209
40061269
40060520
40061061
40061034
40061517
40060599
40060659
40061630
40060865
40060570
40061454
40059999
40060100
40061099
40061275
40061617
40060808
40060261
40059665
40060300
40059778
40059548
40059044
40059679
40060162
40060113
40060119
40060234
40060296
40058816
40059659
40059331
40060389
40061441
40061442
40061139
40060568
40060970
40060951
40060443
40061019
40060962
40061157
40061081
40060730
40060699
40061473
40061273
40060894
40061570
40061565
40061568
40061563
40061562
40061569
40061559
ALB52982
ALB53229
ALB53486
ALB52860
ALB53232
ALB52854
ALB52856
ALB53396
90000562
90000515
90000663
90000636
90000653
90000486
90000722
90000705
90000586
90000640
90000699
90000702
90000704
90000673
90000573
90000686
90000612
90000485
90000547
90000758
90000632
90000724
90000739
90000658
90000484
90000563
90000723
90000634
90000552
90000662
90000560
90000698
90000693
90000507
90000682
90000498
90000559
90000691
90000669
90000624
90000701
90000565
90000684
40059515
40059515
40060383
90000488
40059483
90000633
90000514
90000609
90000678
90000660
90000600
90000537
90000683
90000443
90000602
90000510
90000556
90000594
90000688
90000575
90000574
90000579
26019238
90000681
ALB53408
ALB53255
ALB53551
ALB53545
ALB53000
ALB52754
ALB53552
ALB53544
ALB53521
90000458
90000647
90000590
ALB53245
ALB53001
ALB53239
ALB52644
ALB53537
ALB52431
ALB52435
90000593
ALB53147
ALB53539
ALB52976
ALB53429
ALB53546
ALB53549
ALB53547
ALB53010
ALB53146
ALB52838
ALB53548
ALB52468
ALB53243
ALB53543
ALB53752
ALB53148
ALB52434
ALB52437
90000494
90000449
90000694
90000644
90000725
90000629
90000546
90000734
90000541
90000736
90000457
90000596
40061585
40060624
40060459
40061087
40061599
40061086
40060637
40060626
40060618
40061590
40061595
40061294
40060457
40061169
40060878
40061262
40060551
40060803
40060953
40060458
40061591
40058448
40058502
40059511
40061001
40060379
40061536
40061649
40060010
40061024
40061039
40061002
